[app/install/install_source_checksum]
version = 9.0.1
modtime = 1676057427.835917800

[views/kubearmor_alerts]
version = 9.0.1
modtime = 1676140902.415352000

[views/kubearmor_logs]
version = 9.0.1
modtime = 1676141079.186761500

[views/compliance_controls]
version = 9.0.1
modtime = 1676140997.685121600
